spawns:
  default:
    world: 569078e6-e87e-4f2c-8cc3-0d01fce7482f
    world-name: spawn
    x: 0.5313506319450227
    y: 90.0
    z: 0.4948055635611524
    yaw: -179.70169067382812
    pitch: 1.3499878644943237
